0 0.086349 0.208059 0.074013 0.136513
0 0.212171 0.236020 0.154605 0.254934
0 0.583059 0.188322 0.149671 0.284539
0 0.454770 0.143914 0.074013 0.136513
0 0.063322 0.541941 0.057566 0.100329
0 0.175164 0.540296 0.057566 0.100329
0 0.298520 0.545230 0.057566 0.100329
0 0.446546 0.499178 0.126645 0.231908
0 0.074836 0.775493 0.126645 0.231908
0 0.237664 0.773026 0.110197 0.200658
0 0.606086 0.490132 0.110197 0.200658
0 0.721217 0.485197 0.097039 0.180921
0 0.352796 0.763158 0.097039 0.180921
0 0.466283 0.763980 0.093750 0.162829
0 0.836349 0.479441 0.093750 0.162829
