0 0.109375 0.180099 0.143092 0.238487
0 0.264803 0.167763 0.118421 0.200658
0 0.379112 0.160362 0.100329 0.185855
0 0.497533 0.163651 0.100329 0.166118
0 0.627467 0.155428 0.077303 0.136513
0 0.525493 0.507401 0.143092 0.238487
0 0.652138 0.862664 0.143092 0.238487
0 0.687500 0.498355 0.118421 0.200658
0 0.495066 0.860197 0.118421 0.200658
0 0.801809 0.489309 0.100329 0.185855
0 0.375822 0.846217 0.100329 0.185855
0 0.260691 0.841283 0.100329 0.166118
0 0.921875 0.489309 0.100329 0.166118
0 0.130757 0.843750 0.080592 0.134868
